-12.6564043314
size_phi=-0.0123958614876
size_gamma=0
propCodeNAF_delta=0.0
sumVoisins1_delta=0
nbVoisins_gamma=-0.144708562904
sumVoisins1_alpha=0.160255519547
sumVoisins1_phi=-0.216303196494
nbVoisins_alpha=0.0
propCodeNAF_phi=0.0
propVoisins1_phi=-0.17064759383
propSumVoisins1_delta=0.0
propVoisins1_delta=0.0541462312605
sumVoisins1_gamma=-0.481000406531
size_delta=0.162325816044
propSumVoisins1_alpha=0
nbVoisins_delta=0.0
propSumVoisins1_gamma=-0.000941958905965
propSumVoisins1_phi=0.0
propVoisins1_alpha=-0.0680974284173
size_alpha=0.0
propVoisins1_gamma=-0.118015202499
propCodeNAF_gamma=-0.383902060797
propCodeNAF_alpha=0.0
nbVoisins_phi=-0.416855537964
