size_phi=0.0
size_gamma=0.0
propCodeNAF_delta=-0.0908339910249
sumVoisins1_delta=-0.00138440933757
nbVoisins_gamma=-0.394565774086
sumVoisins1_alpha=0.0859879288067
sumVoisins1_phi=-0.0106060287866
nbVoisins_alpha=0.0
propSumVoisins1_alpha=0
propVoisins1_phi=0.0134375402965
propSumVoisins1_delta=-0.119605601406
propVoisins1_delta=0.0
sumVoisins1_gamma=-0.446652691342
size_delta=-0.0454684325306
propCodeNAF_phi=0.0
nbVoisins_delta=-0.0100469057977
propSumVoisins1_gamma=0.101262378529
propSumVoisins1_phi=0.00112114595391
propVoisins1_alpha=-0.82429919715
size_alpha=0.0
propVoisins1_gamma=-0.457493874047
propCodeNAF_gamma=-0.970327775771
propCodeNAF_alpha=-0.0401777521723
nbVoisins_phi=-0.00281296355914
