69.7687886138
propVoisins1_gamma=-0.132442939541
size_gamma=0
propCodeNAF_delta=-0.858440363887
sumVoisins1_delta=-0.644158450078
nbVoisins_gamma=0.969700976512
sumVoisins1_alpha=-0.519366287892
sumVoisins1_phi=0
nbVoisins_alpha=-0.418256766603
propSumVoisins1_alpha=0
propSumVoisins1_phi=0
propSumVoisins1_delta=-0.821280673294
propVoisins1_delta=0
sumVoisins1_gamma=0
size_delta=0.29253588975
propCodeNAF_phi=-0.617252264946
propSumVoisins1_gamma=0
nbVoisins_delta=0
propVoisins1_alpha=0
size_alpha=0.160494854921
propVoisins1_phi=0
size_phi=0
propCodeNAF_gamma=-0.0915004440591
propCodeNAF_alpha=0
nbVoisins_phi=0
